0.00000000       7.9501145904064181        1.1531361888286952E-003
   0.00000000       7.9507429089546200        9.6850157994967647E-004
   0.00000000       7.9513712275028228        6.6447597895682661E-004
   0.00000000       7.9519995460510255        3.4620544286268444E-004
   0.00000000       7.9526278645992283        6.5141027869488352E-005
   0.00000000       7.9532561831474302        3.3254380690085628E-004
   0.00000000       7.9538845016956330        6.4736438504015351E-004
   0.00000000       7.9545128202438358        8.7752910440495988E-004
   0.00000000       7.9551411387920377        1.0661521439591394E-003
   0.00000000       7.9557694573402404        1.2647914718532756E-003
